wavelength  radiance
  2   3.19432686057e+20
  2.03206412826   3.60363063896e+20
  2.06412825651   4.04621321568e+20
  2.09619238477   4.52278092399e+20
  2.12825651303   5.03390583274e+20
  2.16032064128   5.58002357544e+20
  2.19238476954   6.16143252255e+20
  2.2244488978   6.77829421039e+20
  2.25651302605   7.43063492947e+20
  2.28857715431   8.11834836817e+20
  2.32064128257   8.84119920309e+20
  2.35270541082   9.59882752557e+20
  2.38476953908   1.03907539939e+21
  2.41683366733   1.12163856028e+21
  2.44889779559   1.20750219651e+21
  2.48096192385   1.29658620048e+21
  2.5130260521   1.38880109676e+21
  2.54509018036   1.48404876584e+21
  2.57715430862   1.58222318256e+21
  2.60921843687   1.68321116157e+21
  2.64128256513   1.7868931031e+21
  2.67334669339   1.89314373289e+21
  2.70541082164   2.00183283097e+21
  2.7374749499   2.11282594452e+21
  2.76953907816   2.22598508068e+21
  2.80160320641   2.34116937608e+21
  2.83366733467   2.45823573994e+21
  2.86573146293   2.57703946864e+21
  2.89779559118   2.69743482982e+21
  2.92985971944   2.81927561465e+21
  2.9619238477   2.94241565732e+21
  2.99398797595   3.06670932117e+21
  3.02605210421   3.19201195122e+21
  3.05811623246   3.31818029305e+21
  3.09018036072   3.44507287845e+21
  3.12224448898   3.57255037833e+21
  3.15430861723   3.70047592345e+21
  3.18637274549   3.82871539416e+21
  3.21843687375   3.95713767979e+21
  3.250501002   4.0856149091e+21
  3.28256513026   4.21402265281e+21
  3.31462925852   4.34224009965e+21
  3.34669338677   4.47015020697e+21
  3.37875751503   4.59763982765e+21
  3.41082164329   4.72459981424e+21
  3.44288577154   4.85092510213e+21
  3.4749498998   4.97651477268e+21
  3.50701402806   5.10127209809e+21
  3.53907815631   5.22510456894e+21
  3.57114228457   5.34792390593e+21
  3.60320641283   5.46964605706e+21
  3.63527054108   5.5901911813e+21
  3.66733466934   5.70948362012e+21
  3.6993987976   5.82745185781e+21
  3.73146292585   5.94402847185e+21
  3.76352705411   6.05915007417e+21
  3.79559118236   6.17275724435e+21
  3.82765531062   6.28479445572e+21
  3.85971943888   6.39520999509e+21
  3.89178356713   6.50395587704e+21
  3.92384769539   6.6109877535e+21
  3.95591182365   6.71626481924e+21
  3.9879759519   6.81974971405e+21
  4.02004008016   6.92140842222e+21
  4.05210420842   7.02121016971e+21
  4.08416833667   7.11912731979e+21
  4.11623246493   7.21513526749e+21
  4.14829659319   7.30921233322e+21
  4.18036072144   7.40133965623e+21
  4.2124248497   7.49150108797e+21
  4.24448897796   7.57968308589e+21
  4.27655310621   7.66587460797e+21
  4.30861723447   7.75006700812e+21
  4.34068136273   7.83225393282e+21
  4.37274549098   7.9124312192e+21
  4.40480961924   7.99059679467e+21
  4.43687374749   8.0667505784e+21
  4.46893787575   8.14089438465e+21
  4.50100200401   8.21303182822e+21
  4.53306613226   8.28316823201e+21
  4.56513026052   8.35131053685e+21
  4.59719438878   8.41746721366e+21
  4.62925851703   8.48164817801e+21
  4.66132264529   8.54386470709e+21
  4.69338677355   8.60412935912e+21
  4.7254509018   8.66245589535e+21
  4.75751503006   8.71885920446e+21
  4.78957915832   8.77335522956e+21
  4.82164328657   8.82596089758e+21
  4.85370741483   8.8766940513e+21
  4.88577154309   8.92557338376e+21
  4.91783567134   8.97261837511e+21
  4.9498997996   9.01784923196e+21
  4.98196392786   9.06128682904e+21
  5.01402805611   9.10295265325e+21
  5.04609218437   9.14286875004e+21
  5.07815631263   9.18105767194e+21
  5.11022044088   9.21754242945e+21
  5.14228456914   9.25234644401e+21
  5.17434869739   9.28549350305e+21
  5.20641282565   9.3170077172e+21
  5.23847695391   9.34691347938e+21
  5.27054108216   9.37523542595e+21
  5.30260521042   9.40199839967e+21
  5.33466933868   9.42722741452e+21
  5.36673346693   9.45094762231e+21
  5.39879759519   9.47318428098e+21
  5.43086172345   9.49396272459e+21
  5.4629258517   9.51330833491e+21
  5.49498997996   9.53124651454e+21
  5.52705410822   9.54780266157e+21
  5.55911823647   9.56300214564e+21
  5.59118236473   9.57687028538e+21
  5.62324649299   9.58943232725e+21
  5.65531062124   9.60071342562e+21
  5.6873747495   9.61073862405e+21
  5.71943887776   9.61953283782e+21
  5.75150300601   9.62712083756e+21
  5.78356713427   9.63352723398e+21
  5.81563126253   9.63877646363e+21
  5.84769539078   9.64289277566e+21
  5.87975951904   9.64590021956e+21
  5.91182364729   9.64782263379e+21
  5.94388777555   9.64868363527e+21
  5.97595190381   9.64850660973e+21
  6.00801603206   9.64731470286e+21
  6.04008016032   9.64513081213e+21
  6.07214428858   9.6419775795e+21
  6.10420841683   9.63787738463e+21
  6.13627254509   9.63285233886e+21
  6.16833667335   9.62692427978e+21
  6.2004008016   9.62011476638e+21
  6.23246492986   9.61244507478e+21
  6.26452905812   9.60393619445e+21
  6.29659318637   9.59460882496e+21
  6.32865731463   9.58448337323e+21
  6.36072144289   9.5735799512e+21
  6.39278557114   9.56191837388e+21
  6.4248496994   9.54951815793e+21
  6.45691382766   9.53639852047e+21
  6.48897795591   9.52257837836e+21
  6.52104208417   9.50807634776e+21
  6.55310621242   9.49291074401e+21
  6.58517034068   9.47709958184e+21
  6.61723446894   9.46066057583e+21
  6.64929859719   9.44361114112e+21
  6.68136272545   9.42596839441e+21
  6.71342685371   9.40774915515e+21
  6.74549098196   9.38896994698e+21
  6.77755511022   9.3696469993e+21
  6.80961923848   9.34979624912e+21
  6.84168336673   9.32943334301e+21
  6.87374749499   9.30857363924e+21
  6.90581162325   9.28723221008e+21
  6.9378757515   9.26542384418e+21
  6.96993987976   9.24316304918e+21
  7.00200400802   9.22046405428e+21
  7.03406813627   9.1973408131e+21
  7.06613226453   9.1738070065e+21
  7.09819639279   9.14987604551e+21
  7.13026052104   9.1255610744e+21
  7.1623246493   9.10087497376e+21
  7.19438877756   9.07583036368e+21
  7.22645290581   9.05043960697e+21
  7.25851703407   9.0247148124e+21
  7.29058116232   8.99866783807e+21
  7.32264529058   8.97231029472e+21
  7.35470941884   8.94565354916e+21
  7.38677354709   8.91870872763e+21
  7.41883767535   8.89148671927e+21
  7.45090180361   8.86399817958e+21
  7.48296593186   8.83625353384e+21
  7.51503006012   8.80826298065e+21
  7.54709418838   8.78003649535e+21
  7.57915831663   8.7515838335e+21
  7.61122244489   8.72291453441e+21
  7.64328657315   8.69403792455e+21
  7.6753507014   8.66496312105e+21
  7.70741482966   8.6356990351e+21
  7.73947895792   8.60625437547e+21
  7.77154308617   8.57663765183e+21
  7.80360721443   8.54685717822e+21
  7.83567134269   8.51692107639e+21
  7.86773547094   8.48683727915e+21
  7.8997995992   8.45661353375e+21
  7.93186372745   8.42625740512e+21
  7.96392785571   8.39577627917e+21
  7.99599198397   8.36517736605e+21
  8.02805611222   8.33446770331e+21
  8.06012024048   8.30365415917e+21
  8.09218436874   8.27274343557e+21
  8.12424849699   8.24174207135e+21
  8.15631262525   8.2106564453e+21
  8.18837675351   8.17949277921e+21
  8.22044088176   8.14825714088e+21
  8.25250501002   8.11695544708e+21
  8.28456913828   8.08559346648e+21
  8.31663326653   8.05417682254e+21
  8.34869739479   8.0227109964e+21
  8.38076152305   7.99120132962e+21
  8.4128256513   7.95965302703e+21
  8.44488977956   7.92807115945e+21
  8.47695390782   7.89646066633e+21
  8.50901803607   7.86482635848e+21
  8.54108216433   7.83317292066e+21
  8.57314629259   7.80150491414e+21
  8.60521042084   7.76982677925e+21
  8.6372745491   7.73814283788e+21
  8.66933867735   7.70645729595e+21
  8.70140280561   7.67477424579e+21
  8.73346693387   7.64309766856e+21
  8.76553106212   7.61143143655e+21
  8.79759519038   7.57977931554e+21
  8.82965931864   7.54814496698e+21
  8.86172344689   7.51653195028e+21
  8.89378757515   7.48494372496e+21
  8.92585170341   7.45338365282e+21
  8.95791583166   7.42185500003e+21
  8.98997995992   7.3903609392e+21
  9.02204408818   7.35890455143e+21
  9.05410821643   7.3274888283e+21
  9.08617234469   7.29611667383e+21
  9.11823647295   7.26479090642e+21
  9.1503006012   7.23351426071e+21
  9.18236472946   7.20228938947e+21
  9.21442885772   7.1711188654e+21
  9.24649298597   7.14000518292e+21
  9.27855711423   7.10895075994e+21
  9.31062124248   7.07795793956e+21
  9.34268537074   7.04702899174e+21
  9.374749499   7.01616611501e+21
  9.40681362725   6.98537143805e+21
  9.43887775551   6.95464702128e+21
  9.47094188377   6.92399485844e+21
  9.50300601202   6.89341687811e+21
  9.53507014028   6.86291494521e+21
  9.56713426854   6.83249086245e+21
  9.59919839679   6.80214637182e+21
  9.63126252505   6.77188315596e+21
  9.66332665331   6.74170283953e+21
  9.69539078156   6.71160699062e+21
  9.72745490982   6.68159712203e+21
  9.75951903808   6.65167469259e+21
  9.79158316633   6.62184110843e+21
  9.82364729459   6.59209772423e+21
  9.85571142285   6.56244584444e+21
  9.8877755511   6.53288672449e+21
  9.91983967936   6.50342157192e+21
  9.95190380762   6.47405154761e+21
  9.98396793587   6.4447777668e+21
  10.0160320641   6.41560130027e+21
  10.0480961924   6.38652317541e+21
  10.0801603206   6.35754437722e+21
  10.1122244489   6.3286658494e+21
  10.1442885772   6.29988849533e+21
  10.1763527054   6.27121317909e+21
  10.2084168337   6.24264072638e+21
  10.2404809619   6.21417192552e+21
  10.2725450902   6.18580752832e+21
  10.3046092184   6.15754825106e+21
  10.3366733467   6.12939477532e+21
  10.3687374749   6.10134774884e+21
  10.4008016032   6.07340778645e+21
  10.4328657315   6.0455754708e+21
  10.4649298597   6.01785135325e+21
  10.496993988   5.99023595463e+21
  10.5290581162   5.96272976602e+21
  10.5611222445   5.93533324951e+21
  10.5931863727   5.90804683898e+21
  10.625250501   5.88087094077e+21
  10.6573146293   5.85380593445e+21
  10.6893787575   5.82685217345e+21
  10.7214428858   5.80000998582e+21
  10.753507014   5.77327967482e+21
  10.7855711423   5.74666151965e+21
  10.8176352705   5.720155776e+21
  10.8496993988   5.69376267674e+21
  10.8817635271   5.66748243249e+21
  10.9138276553   5.64131523225e+21
  10.9458917836   5.61526124395e+21
  10.9779559118   5.58932061501e+21
  11.0100200401   5.56349347296e+21
  11.0420841683   5.53777992589e+21
  11.0741482966   5.51218006305e+21
  11.1062124248   5.48669395536e+21
  11.1382765531   5.4613216559e+21
  11.1703406814   5.43606320038e+21
  11.2024048096   5.41091860769e+21
  11.2344689379   5.38588788033e+21
  11.2665330661   5.36097100487e+21
  11.2985971944   5.33616795241e+21
  11.3306613226   5.31147867904e+21
  11.3627254509   5.28690312623e+21
  11.3947895792   5.2624412213e+21
  11.4268537074   5.23809287779e+21
  11.4589178357   5.21385799588e+21
  11.4909819639   5.18973646279e+21
  11.5230460922   5.16572815314e+21
  11.5551102204   5.14183292934e+21
  11.5871743487   5.11805064198e+21
  11.619238477   5.09438113014e+21
  11.6513026052   5.07082422175e+21
  11.6833667335   5.04737973397e+21
  11.7154308617   5.02404747348e+21
  11.74749499   5.00082723681e+21
  11.7795591182   4.97771881069e+21
  11.8116232465   4.95472197231e+21
  11.8436873747   4.93183648967e+21
  11.875751503   4.90906212184e+21
  11.9078156313   4.88639861926e+21
  11.9398797595   4.86384572404e+21
  11.9719438878   4.84140317021e+21
  12.004008016   4.81907068398e+21
  12.0360721443   4.79684798404e+21
  12.0681362725   4.77473478178e+21
  12.1002004008   4.75273078154e+21
  12.1322645291   4.7308356809e+21
  12.1643286573   4.70904917086e+21
  12.1963927856   4.68737093607e+21
  12.2284569138   4.66580065513e+21
  12.2605210421   4.64433800073e+21
  12.2925851703   4.62298263988e+21
  12.3246492986   4.60173423417e+21
  12.3567134269   4.58059243992e+21
  12.3887775551   4.55955690839e+21
  12.4208416834   4.538627286e+21
  12.4529058116   4.51780321451e+21
  12.4849699399   4.49708433116e+21
  12.5170340681   4.47647026893e+21
  12.5490981964   4.45596065666e+21
  12.5811623246   4.43555511923e+21
  12.6132264529   4.41525327774e+21
  12.6452905812   4.39505474966e+21
  12.6773547094   4.37495914902e+21
  12.7094188377   4.35496608651e+21
  12.7414829659   4.33507516968e+21
  12.7735470942   4.31528600307e+21
  12.8056112224   4.29559818834e+21
  12.8376753507   4.27601132444e+21
  12.869739479   4.25652500772e+21
  12.9018036072   4.23713883208e+21
  12.9338677355   4.21785238908e+21
  12.9659318637   4.19866526809e+21
  12.997995992   4.17957705639e+21
  13.0300601202   4.1605873393e+21
  13.0621242485   4.14169570032e+21
  13.0941883768   4.12290172119e+21
  13.126252505   4.10420498205e+21
  13.1583166333   4.08560506151e+21
  13.1903807615   4.06710153681e+21
  13.2224448898   4.04869398383e+21
  13.254509018   4.0303819773e+21
  13.2865731463   4.01216509081e+21
  13.3186372745   3.99404289693e+21
  13.3507014028   3.97601496734e+21
  13.3827655311   3.95808087284e+21
  13.4148296593   3.94024018352e+21
  13.4468937876   3.92249246878e+21
  13.4789579158   3.90483729747e+21
  13.5110220441   3.8872742379e+21
  13.5430861723   3.86980285798e+21
  13.5751503006   3.85242272526e+21
  13.6072144289   3.83513340704e+21
  13.6392785571   3.81793447037e+21
  13.6713426854   3.80082548219e+21
  13.7034068136   3.78380600939e+21
  13.7354709419   3.76687561881e+21
  13.7675350701   3.75003387741e+21
  13.7995991984   3.73328035221e+21
  13.8316633267   3.71661461046e+21
  13.8637274549   3.70003621962e+21
  13.8957915832   3.68354474747e+21
  13.9278557114   3.66713976212e+21
  13.9599198397   3.65082083209e+21
  13.9919839679   3.63458752638e+21
  14.0240480962   3.61843941446e+21
  14.0561122244   3.60237606637e+21
  14.0881763527   3.58639705276e+21
  14.120240481   3.57050194491e+21
  14.1523046092   3.5546903148e+21
  14.1843687375   3.53896173516e+21
  14.2164328657   3.52331577946e+21
  14.248496994   3.50775202202e+21
  14.2805611222   3.492270038e+21
  14.3126252505   3.47686940345e+21
  14.3446893788   3.46154969535e+21
  14.376753507   3.44631049165e+21
  14.4088176353   3.4311513713e+21
  14.4408817635   3.41607191427e+21
  14.4729458918   3.4010717016e+21
  14.50501002   3.38615031543e+21
  14.5370741483   3.37130733902e+21
  14.5691382766   3.35654235677e+21
  14.6012024048   3.34185495429e+21
  14.6332665331   3.32724471836e+21
  14.6653306613   3.31271123702e+21
  14.6973947896   3.29825409957e+21
  14.7294589178   3.28387289657e+21
  14.7615230461   3.26956721991e+21
  14.7935871743   3.25533666278e+21
  14.8256513026   3.24118081975e+21
  14.8577154309   3.22709928675e+21
  14.8897795591   3.21309166107e+21
  14.9218436874   3.19915754145e+21
  14.9539078156   3.18529652804e+21
  14.9859719439   3.17150822244e+21
  15.0180360721   3.15779222769e+21
  15.0501002004   3.14414814833e+21
  15.0821643287   3.13057559039e+21
  15.1142284569   3.1170741614e+21
  15.1462925852   3.10364347042e+21
  15.1783567134   3.09028312804e+21
  15.2104208417   3.07699274639e+21
  15.2424849699   3.06377193919e+21
  15.2745490982   3.05062032169e+21
  15.3066132265   3.03753751076e+21
  15.3386773547   3.02452312485e+21
  15.370741483   3.01157678401e+21
  15.4028056112   2.9986981099e+21
  15.4348697395   2.98588672582e+21
  15.4669338677   2.97314225668e+21
  15.498997996   2.96046432906e+21
  15.5310621242   2.94785257114e+21
  15.5631262525   2.93530661279e+21
  15.5951903808   2.92282608553e+21
  15.627254509   2.91041062254e+21
  15.6593186373   2.89805985869e+21
  15.6913827655   2.8857734305e+21
  15.7234468938   2.87355097619e+21
  15.755511022   2.86139213567e+21
  15.7875751503   2.84929655053e+21
  15.8196392786   2.83726386405e+21
  15.8517034068   2.82529372123e+21
  15.8837675351   2.81338576875e+21
  15.9158316633   2.80153965501e+21
  15.9478957916   2.78975503009e+21
  15.9799599198   2.77803154581e+21
  16.0120240481   2.76636885568e+21
  16.0440881764   2.75476661492e+21
  16.0761523046   2.74322448048e+21
  16.1082164329   2.73174211101e+21
  16.1402805611   2.72031916687e+21
  16.1723446894   2.70895531013e+21
  16.2044088176   2.6976502046e+21
  16.2364729459   2.68640351578e+21
  16.2685370741   2.67521491089e+21
  16.3006012024   2.66408405886e+21
  16.3326653307   2.65301063034e+21
  16.3647294589   2.64199429767e+21
  16.3967935872   2.63103473493e+21
  16.4288577154   2.62013161787e+21
  16.4609218437   2.60928462398e+21
  16.4929859719   2.59849343244e+21
  16.5250501002   2.58775772411e+21
  16.5571142285   2.57707718158e+21
  16.5891783567   2.56645148912e+21
  16.621242485   2.55588033269e+21
  16.6533066132   2.54536339996e+21
  16.6853707415   2.53490038025e+21
  16.7174348697   2.5244909646e+21
  16.749498998   2.51413484571e+21
  16.7815631263   2.50383171797e+21
  16.8136272545   2.49358127741e+21
  16.8456913828   2.48338322178e+21
  16.877755511   2.47323725044e+21
  16.9098196393   2.46314306446e+21
  16.9418837675   2.45310036652e+21
  16.9739478958   2.44310886098e+21
  17.006012024   2.43316825385e+21
  17.0380761523   2.42327825276e+21
  17.0701402806   2.41343856699e+21
  17.1022044088   2.40364890745e+21
  17.1342685371   2.39390898668e+21
  17.1663326653   2.38421851884e+21
  17.1983967936   2.3745772197e+21
  17.2304609218   2.36498480665e+21
  17.2625250501   2.3554409987e+21
  17.2945891784   2.34594551642e+21
  17.3266533066   2.33649808201e+21
  17.3587174349   2.32709841925e+21
  17.3907815631   2.31774625349e+21
  17.4228456914   2.30844131168e+21
  17.4549098196   2.29918332233e+21
  17.4869739479   2.28997201552e+21
  17.5190380762   2.28080712287e+21
  17.5511022044   2.27168837758e+21
  17.5831663327   2.26261551439e+21
  17.6152304609   2.25358826957e+21
  17.6472945892   2.24460638093e+21
  17.6793587174   2.23566958783e+21
  17.7114228457   2.22677763111e+21
  17.7434869739   2.21793025316e+21
  17.7755511022   2.20912719788e+21
  17.8076152305   2.20036821064e+21
  17.8396793587   2.19165303834e+21
  17.871743487   2.18298142936e+21
  17.9038076152   2.17435313355e+21
  17.9358717435   2.16576790226e+21
  17.9679358717   2.15722548828e+21
  18   2.14872564589e+21
